"station_id","depth","latitude","longitude"
"BOEM23-012",63.3,34.32003696,-119.56521325
"BOEM23-012",63,34.32039716,-119.56491596
"BOEM23-012",62.7,34.32089026,-119.56507052
"BOEM23-012",63.2,34.32011051,-119.5652845
"BOEM23-012",62.1,34.32048253,-119.56468025
"BOEM23-011",40.3,34.34377407,-119.5316468
"BOEM23-011",40.3,34.34386412,-119.53161149
"BOEM23-011",40.3,34.34355548,-119.53195482
"BOEM23-011",40.2,34.34367706,-119.53169084
"BOEM23-011",40.5,34.34359752,-119.53206729
"BOEM23-013",43,34.3411784,-119.54021216
"BOEM23-013",43.1,34.3413448,-119.54003233
"BOEM23-013",43,34.34116961,-119.54035539
"BOEM23-013",43,34.34121784,-119.54032979
"BOEM23-013",43,34.34122267,-119.5401967
"BOEM23-013",42.9,34.34110018,-119.53993598
"BOEM23-014",50,34.32999946,-119.53857569
"BOEM23-014",50,34.33000546,-119.53917796
"BOEM23-014",50,34.32986231,-119.53921883
"BOEM23-014",50,34.32998972,-119.53915263
"BOEM23-015",37,34.35322952,-119.53915755
"BOEM23-015",37,34.35336383,-119.53960854
"BOEM23-015",37,34.35343355,-119.53948713
"BOEM23-015",37,34.35332666,-119.53938298
"BOEM23-016",49,34.33709796,-119.56081825
"BOEM23-016",49,34.33717586,-119.560974
"BOEM23-016",49,34.33721343,-119.56127814
"BOEM23-016",49,34.3372506,-119.56135106
"BOEM23-017",58,34.32262914,-119.55196618
"BOEM23-017",59,34.32248437,-119.55264841
"BOEM23-017",58.9,34.32265472,-119.55208651
"BOEM23-017",59,34.32261393,-119.55218118
"BOEM23-018",42.5,34.3463692,-119.56132351
"BOEM23-018",42.5,34.34642721,-119.56136038
"BOEM23-018",42.2,34.3467067,-119.56105983
"BOEM23-018",42,34.34661561,-119.56147495
"BOEM23-001",208,34.12909804,-119.38659917
"BOEM23-001",208,34.12909721,-119.38619653
"BOEM23-001",208,34.12908681,-119.38600101
"BOEM23-001",208,34.12912636,-119.38595398
"BOEM23-001",208,34.12907145,-119.38585422
"BOEM23-001",208,34.12909254,-119.38577989
"BOEM23-002",230,34.1145486,-119.39155557
"BOEM23-002",230,34.11460964,-119.39124431
"BOEM23-002",230,34.11464231,-119.39138673
"BOEM23-002",230,34.11469324,-119.39132099
"BOEM23-002",230,34.11465694,-119.39140594
"BOEM23-002",230,34.11466498,-119.39122269
"BOEM23-002",230,34.11457266,-119.3913332
"BOEM23-003",232,34.11719307,-119.40654194
"BOEM23-003",233,34.11727583,-119.40670008
"BOEM23-003",233,34.11723051,-119.40666688
"BOEM23-003",233,34.11728809,-119.40663589
"BOEM23-004",234,34.12139568,-119.42105524
"BOEM23-004",234,34.1214536,-119.42086203
"BOEM23-004",234,34.12146275,-119.4208812
"BOEM23-004",234,34.12140343,-119.42098507
"BOEM23-004",234,34.12144321,-119.42077651
"BOEM23-005",206,34.13675957,-119.4108621
"BOEM23-005",206,34.13691855,-119.41087535
"BOEM23-005",206,34.1368784,-119.41083162
"BOEM23-005",206,34.13692235,-119.4107611
"BOEM23-005",205,34.13689185,-119.41068633
"BOEM23-006",173.2,34.16697367,-119.4795874
"BOEM23-006",174.3,34.16686111,-119.47938623
"BOEM23-006",174.1,34.16678074,-119.4796247
"BOEM23-006",174,34.1668628,-119.47951546
"BOEM23-006",174.6,34.16680829,-119.47974986
"BOEM23-006",173.3,34.16700811,-119.48007475
"BOEM23-006",174.3,34.16687808,-119.47965845
"BOEM23-006",173,34.16705701,-119.47978542
"BOEM23-007",97,34.1772708,-119.4568731
"BOEM23-007",97.6,34.17754793,-119.45707149
"BOEM23-007",97.7,34.17739738,-119.45697175
"BOEM23-007",97.4,34.17703136,-119.45696308
"BOEM23-007",96.7,34.17742776,-119.45692799
"BOEM23-008",100.6,34.17742348,-119.47850672
"BOEM23-008",101.5,34.17710657,-119.47854335
"BOEM23-008",100.5,34.17708844,-119.47832674
"BOEM23-009",96.4,34.17727483,-119.46254884
"BOEM23-009",97,34.17731343,-119.46260537
"BOEM23-009",96.1,34.17724846,-119.46258859
"BOEM23-010",162,34.16895035,-119.48251845
"BOEM23-010",162,34.16888151,-119.48228749
"BOEM23-010",162.9,34.16882763,-119.48260173
"BOEM23-010",162.4,34.16899144,-119.48282798
"BOEM23-010",161.7,34.16904649,-119.48246124
"BOEM23-019",40.2,34.34772514,-119.54496107
"BOEM23-019",40,34.34776832,-119.54474963
"BOEM23-019",39.8,34.34775274,-119.54496683
"BOEM23-020",45,34.3423868,-119.56412543
"BOEM23-020",44.4,34.3424512,-119.56406221
"BOEM23-020",44.1,34.34252864,-119.56393632
"BOEM23-020",44.8,34.34250628,-119.5640049
